% -------------------------------------------------------------------
%  Generated by MATLAB on 14-Aug-2017 20:14:32
%  MATLAB version: 9.0.0.341360 (R2016a)
% -------------------------------------------------------------------
                                

a = 1;

ans = 0;

b = [];

c = [1 -4 4];

dis = 0;

dlg_title = 'input';

prompt = 'enter coffts separated by space';

prompt1 = 'enter coefficient of x square';

prompt2 = 'enter coefficient of x';

prompt3 = 'enter constant term';

x = cell(1, 1);
x{1} = ' 1 -4 4';

x1 = 2;

x2 = 2;

